0.79041 1.6942 0.9493 0.092408
0.32757 0.15416 0.67126 0.80996
0.43864 0.76993 0.8335 1.1471
0.76885 1.3034 0.16725 0.75933
0.86198 1.7126 0.98987 1.0166
0.51442 1.4304 0.88428 0.62007
0.58803 1.257 0.15475 0.996
0.19986 1.7646 0.40695 1.1965
0.74871 1.3934 0.82558 1.2546
0.78996 0.28242 0.31852 0.52648
0.53406 0.68347 0.089951 0.51612
0.11171 1.8296 0.13629 1.1003
0.67865 1.0299 0.49518 0.38427
0.18971 0.53995 0.49501 0.73673
0.14761 0.82358 0.054974 1.7852
0.85071 1.2427 0.56056 0.98618
0.92961 1.0706 0.69667 0.55638
0.58279 0.17173 0.8154 0.81783
0.87901 0.99162 0.98891 0.98464
0.00052238 1.6476 0.86544 0.70134
0.61257 1.7285 0.98995 0.77481
0.52768 1.4419 0.47952 1.9701
0.80135 1.1548 0.22784 0.50076
0.49809 0.83128 0.90085 1.1332
0.57466 1.5032 0.84518 0.69816
0.73864 0.96748 0.58599 0.72729
0.24673 0.26273 0.66642 0.60855
0.083483 1.1078 0.62596 0.38134
0.66094 0.59722 0.72975 1.4569
0.89075 0.90434 0.9823 1.1104
0.76903 1.3966 0.58145 0.25586
0.92831 1.5275 0.58009 0.83687
0.016983 0.85593 0.12086 0.42157
0.86271 1.1281 0.4843 0.39144
0.84486 0.53944 0.20941 0.31745
0.55229 1.0072 0.62988 0.85588
0.031991 0.53406 0.61471 0.65729
0.36241 1.4061 0.049533 0.44577
0.48957 1.5919 0.19251 0.95476
0.12308 0.52601 0.20549 0.96286
0.14651 0.56581 0.18907 1.0354
0.042652 1.1829 0.6352 0.59827
0.28187 1.0952 0.5386 0.54965
0.69516 1.0672 0.49912 0.44236
0.5358 0.77837 0.44518 0.79866
0.12393 1.3044 0.49036 0.51946
0.853 0.5326 0.87393 1.3871
0.27029 0.96454 0.20846 0.84958
0.56498 0.88188 0.64031 1.5222
0.41703 0.46343 0.20598 0.42412
