2 3 5 6
1.5833 2.2212 3.866 4.5039
1.9283 1.954 4.2576 4.2834
1.1373 0.936 2.3814 2.18
2.5619 0.47073 4.3814 2.2903
3.7373 0.60643 6.3435 3.2127
4.2645 0.17807 6.93 2.8436
5.0825 -0.07375 8.0877 2.9315
7.0955 -0.35582 11.139 3.688
10.314 -1.0439 15.876 4.5181
5.7675 -0.63031 8.8498 2.452
3.3493 -0.4146 5.1101 1.3462
2.7889 -0.74809 4.0134 0.4764
3.1522 -1.0265 4.4277 0.24902
3.4444 -1.2202 4.7789 0.11434
2.6627 -0.96818 3.6795 0.048557
2.3462 -1.1442 3.0675 -0.42291
3.7369 -2.2509 4.6285 -1.3593
3.6162 -2.2697 4.4241 -1.4619
3.7412 -2.3739 4.5616 -1.5535
5.2939 -3.6387 6.2871 -2.6455
8.3003 -5.8316 9.7816 -4.3503
5.518 -3.8986 6.4896 -2.927
5.8189 -4.241 6.7657 -3.2942
5.725 -4.1797 6.6521 -3.2526
5.333 -3.9054 6.1896 -3.0488
5.6418 -4.2322 6.4876 -3.3865
9.4007 -7.2944 10.664 -6.0306
5.5337 -4.3092 6.2685 -3.5745
2.8885 -2.2594 3.266 -1.8819
4.3083 -3.373 4.8695 -2.8119
7.03 -5.6737 7.8438 -4.8599
9.6849 -7.943 10.73 -6.8978
5.9086 -4.9083 6.5088 -4.3081
5.5838 -4.666 6.1346 -4.1152
5.1714 -4.3828 5.6446 -3.9096
7.7394 -6.5669 8.443 -5.8634
11.252 -9.5649 12.265 -8.5525
5.9267 -5.057 6.4485 -4.5352
6.093 -5.2465 6.6009 -4.7387
8.5976 -7.4142 9.3077 -6.7041
5.8444 -5.0826 6.3015 -4.6256
4.6353 -4.0672 4.9761 -3.7264
3.1574 -2.7987 3.3726 -2.5834
4.5986 -4.167 4.8575 -3.9081
3.8943 -3.5361 4.1093 -3.3212
2.6278 -2.4117 2.7576 -2.282
2.3276 -2.1717 2.4212 -2.0781
3.4729 -3.2624 3.5992 -3.1361
4.5356 -4.2644 4.6983 -4.1017
3.1155 -2.9295 3.2271 -2.818
2.7922 -2.6258 2.892 -2.5259
2.2781 -2.1517 2.354 -2.0759
2.6722 -2.5334 2.7556 -2.45
3.37 -3.2078 3.4673 -3.1105
2.1853 -2.0918 2.2414 -2.0357
2.3066 -2.2231 2.3567 -2.173
1.8002 -1.7391 1.8368 -1.7025
3.0028 -2.9145 3.0557 -2.8615
2.7861 -2.7102 2.8316 -2.6647
2.6201 -2.5601 2.6561 -2.5241
1.7169 -1.6812 1.7384 -1.6597
2.3084 -2.2675 2.333 -2.2429
2.7019 -2.6612 2.7264 -2.6367
2.3896 -2.3584 2.4084 -2.3396
2.9711 -2.9326 2.9943 -2.9095
4.3995 -4.3436 4.433 -4.3101
6.9676 -6.8858 7.0167 -6.8367
10.119 -10.01 10.184 -9.9447
7.1015 -7.0265 7.1465 -6.9815
9.7147 -9.6184 9.7726 -9.5606
9.3677 -9.2752 9.4232 -9.2197
5.8655 -5.8077 5.9002 -5.773
5.5047 -5.4536 5.5354 -5.423
3.3853 -3.3563 3.4026 -3.3389
5.168 -5.1272 5.1926 -5.1026
8.0221 -7.9617 8.0582 -7.9256
9.9242 -9.8519 9.9675 -9.8086
7.8003 -7.7464 7.8326 -7.7141
9.6773 -9.614 9.7154 -9.576
5.8085 -5.7711 5.8309 -5.7487
9.4896 -9.4347 9.5226 -9.4018
11.368 -11.304 11.406 -11.266
7.1326 -7.0934 7.1561 -7.0698
4.2925 -4.2697 4.3062 -4.256
2.6426 -2.6304 2.65 -2.623
3.1861 -3.173 3.194 -3.1651
4.7496 -4.732 4.7601 -4.7215
6.7369 -6.7146 6.7503 -6.7012
10.246 -10.213 10.266 -10.193
11.483 -11.446 11.505 -11.424
10.075 -10.043 10.094 -10.024
5.2087 -5.1921 5.2186 -5.1822
4.2768 -4.2646 4.2841 -4.2573
5.0518 -5.0375 5.0604 -5.0288
4.6989 -4.6855 4.7069 -4.6775
3.5268 -3.5179 3.5321 -3.5125
4.2453 -4.236 4.2508 -4.2305
5.2813 -5.2712 5.2873 -5.2651
7.7927 -7.7794 7.8006 -7.7715
7.5865 -7.5736 7.5942 -7.5659
10.952 -10.933 10.963 -10.922
15.602 -15.577 15.617 -15.562
16.648 -16.623 16.664 -16.608
17.549 -17.523 17.564 -17.507
21.169 -21.138 21.188 -21.12
25.802 -25.766 25.824 -25.744
18.114 -18.089 18.129 -18.074
17.839 -17.814 17.854 -17.8
20.194 -20.167 20.21 -20.15
29.737 -29.698 29.76 -29.675
19.954 -19.928 19.97 -19.913
27.257 -27.222 27.278 -27.201
21.415 -21.388 21.431 -21.371
23.493 -23.464 23.511 -23.446
15.005 -14.987 15.016 -14.976
15.958 -15.939 15.969 -15.928
9.3948 -9.3839 9.4013 -9.3774
8.6431 -8.6337 8.6488 -8.628
10.381 -10.37 10.388 -10.364
5.7999 -5.794 5.8034 -5.7905
7.2264 -7.2197 7.2304 -7.2156
10.351 -10.342 10.357 -10.336
10.053 -10.044 10.059 -10.039
14.435 -14.423 14.442 -14.415
18.213 -18.198 18.223 -18.189
17.565 -17.55 17.573 -17.541
19.723 -19.707 19.733 -19.698
23.854 -23.835 23.865 -23.823
17.773 -17.759 17.781 -17.75
17.518 -17.505 17.526 -17.497
9.7782 -9.7709 9.7826 -9.7665
11.364 -11.356 11.369 -11.351
5.9481 -5.9439 5.9507 -5.9414
7.4807 -7.4759 7.4835 -7.4731
5.1954 -5.1921 5.1974 -5.1902
5.6633 -5.66 5.6653 -5.658
6.1201 -6.1169 6.1221 -6.1149
7.7631 -7.7592 7.7655 -7.7568
9.9951 -9.9904 9.9979 -9.9876
12.698 -12.693 12.702 -12.689
12.59 -12.584 12.593 -12.581
10.788 -10.784 10.791 -10.781
11.79 -11.785 11.792 -11.782
16.9 -16.894 16.904 -16.89
24.352 -24.343 24.357 -24.337
27.924 -27.914 27.93 -27.908
28.557 -28.547 28.563 -28.54
30.038 -30.028 30.045 -30.021
19.904 -19.897 19.908 -19.893
12.835 -12.831 12.838 -12.828
14.482 -14.477 14.485 -14.474
16.172 -16.167 16.176 -16.164
18.73 -18.723 18.733 -18.72
10.649 -10.645 10.651 -10.643
6.2187 -6.2167 6.2199 -6.2155
7.2994 -7.2972 7.3007 -7.2959
7.0282 -7.0262 7.0294 -7.025
6.5985 -6.5967 6.5997 -6.5955
3.9002 -3.8991 3.9009 -3.8985
3.8458 -3.8448 3.8464 -3.8442
2.3649 -2.3643 2.3653 -2.364
4.0433 -4.0424 4.0439 -4.0419
4.9411 -4.94 4.9418 -4.9394
4.9415 -4.9405 4.9421 -4.9398
3.3212 -3.3205 3.3215 -3.3201
4.2876 -4.2867 4.288 -4.2863
6.7074 -6.7062 6.7081 -6.7055
10.03 -10.029 10.031 -10.028
14.673 -14.671 14.674 -14.669
10.143 -10.142 10.144 -10.141
8.2466 -8.2454 8.2473 -8.2446
11.286 -11.285 11.287 -11.284
11.197 -11.195 11.197 -11.194
17.366 -17.363 17.367 -17.362
13.753 -13.751 13.754 -13.75
12.056 -12.054 12.057 -12.053
15.104 -15.102 15.106 -15.101
16.426 -16.424 16.428 -16.423
18.112 -18.11 18.113 -18.108
10.469 -10.468 10.47 -10.467
6.3579 -6.3571 6.3583 -6.3567
4.7825 -4.782 4.7828 -4.7817
6.7082 -6.7075 6.7086 -6.7071
8.3044 -8.3035 8.3049 -8.303
9.3987 -9.3977 9.3992 -9.3972
5.383 -5.3825 5.3833 -5.3822
6.1188 -6.1183 6.1192 -6.118
5.3643 -5.3639 5.3646 -5.3637
4.4222 -4.4219 4.4224 -4.4217
6.4517 -6.4513 6.4519 -6.4511
9.279 -9.2785 9.2793 -9.2781
5.4761 -5.4758 5.4763 -5.4756
5.9769 -5.9766 5.9771 -5.9764
3.9815 -3.9813 3.9817 -3.9812
6.1264 -6.1261 6.1266 -6.1259
6.9118 -6.9115 6.912 -6.9113
7.49 -7.4897 7.4902 -7.4895
9.4129 -9.4125 9.4131 -9.4123
13.189 -13.188 13.189 -13.188
18.324 -18.323 18.324 -18.322
21.266 -21.265 21.266 -21.265
11.024 -11.024 11.025 -11.024
8.0461 -8.0458 8.0463 -8.0456
4.5514 -4.5512 4.5515 -4.5512
4.9907 -4.9906 4.9908 -4.9905
7.7119 -7.7117 7.7121 -7.7116
8.6217 -8.6215 8.6219 -8.6213
9.7612 -9.7609 9.7613 -9.7607
6.7386 -6.7385 6.7388 -6.7384
8.8758 -8.8755 8.8759 -8.8754
7.3947 -7.3945 7.3948 -7.3944
10.985 -10.985 10.985 -10.985
14.935 -14.935 14.935 -14.934
15.123 -15.123 15.123 -15.123
22.746 -22.745 22.746 -22.745
23.64 -23.639 23.64 -23.639
16.979 -16.979 16.979 -16.978
11.934 -11.933 11.934 -11.933
6.2092 -6.2091 6.2092 -6.209
5.7183 -5.7182 5.7184 -5.7182
8.0151 -8.015 8.0152 -8.0149
6.2363 -6.2362 6.2363 -6.2361
7.478 -7.4778 7.478 -7.4778
5.4211 -5.421 5.4212 -5.421
4.8311 -4.8311 4.8312 -4.831
4.4681 -4.4681 4.4681 -4.468
5.8372 -5.8372 5.8373 -5.8371
6.5958 -6.5957 6.5958 -6.5957
7.3266 -7.3266 7.3267 -7.3265
4.2053 -4.2052 4.2053 -4.2052
5.8494 -5.8494 5.8495 -5.8494
3.192 -3.192 3.192 -3.192
4.4676 -4.4676 4.4676 -4.4675
6.7399 -6.7399 6.74 -6.7399
6.0861 -6.0861 6.0861 -6.086
7.0428 -7.0427 7.0428 -7.0427
8.5421 -8.5421 8.5422 -8.5421
11.521 -11.521 11.521 -11.521
13.696 -13.696 13.696 -13.696
17.016 -17.016 17.017 -17.016
22.944 -22.944 22.944 -22.944
20.24 -20.24 20.24 -20.24
11.286 -11.286 11.286 -11.286
7.0907 -7.0907 7.0907 -7.0906
7.4446 -7.4446 7.4446 -7.4445
10.563 -10.563 10.563 -10.563
11.124 -11.124 11.124 -11.124
16.05 -16.049 16.05 -16.049
9.6863 -9.6863 9.6863 -9.6862
13.623 -13.623 13.623 -13.623
18.715 -18.715 18.715 -18.715
25.909 -25.909 25.909 -25.909
14.892 -14.892 14.892 -14.892
12.705 -12.704 12.705 -12.704
9.6092 -9.6092 9.6092 -9.6091
13.232 -13.232 13.232 -13.232
8.7271 -8.7271 8.7271 -8.727
12.832 -12.832 12.832 -12.832
8.9275 -8.9274 8.9275 -8.9274
12.031 -12.031 12.031 -12.031
8.882 -8.882 8.8821 -8.882
10.947 -10.947 10.947 -10.947
8.1392 -8.1392 8.1393 -8.1392
4.9636 -4.9636 4.9636 -4.9636
4.7218 -4.7218 4.7218 -4.7217
4.3439 -4.3439 4.3439 -4.3439
4.8841 -4.8841 4.8842 -4.8841
3.6627 -3.6627 3.6627 -3.6627
4.7427 -4.7427 4.7427 -4.7427
3.7909 -3.7909 3.7909 -3.7909
2.0218 -2.0218 2.0218 -2.0218
1.2691 -1.2691 1.2691 -1.2691
2.4029 -2.4029 2.4029 -2.4029
1.3383 -1.3383 1.3383 -1.3383
1.8623 -1.8623 1.8623 -1.8623
1.6455 -1.6455 1.6455 -1.6455
1.4972 -1.4972 1.4972 -1.4972
1.8117 -1.8117 1.8117 -1.8117
2.2423 -2.2423 2.2423 -2.2423
3.357 -3.357 3.357 -3.357
3.5948 -3.5948 3.5948 -3.5948
5.4294 -5.4294 5.4294 -5.4294
6.1811 -6.1811 6.1811 -6.1811
6.4907 -6.4907 6.4907 -6.4907
6.1322 -6.1322 6.1322 -6.1322
6.8873 -6.8873 6.8873 -6.8873
7.4403 -7.4403 7.4403 -7.4403
8.0933 -8.0933 8.0933 -8.0933
11.386 -11.386 11.386 -11.386
14.211 -14.211 14.211 -14.211
7.8975 -7.8975 7.8975 -7.8975
11.301 -11.301 11.301 -11.301
8.7343 -8.7343 8.7343 -8.7343
9.3669 -9.3669 9.3669 -9.3669
10.775 -10.775 10.775 -10.775
14.802 -14.802 14.802 -14.802
15.692 -15.692 15.692 -15.692
8.5823 -8.5823 8.5823 -8.5823
12.171 -12.171 12.171 -12.171
18.109 -18.109 18.109 -18.109
24.87 -24.87 24.87 -24.87
22.732 -22.732 22.732 -22.732
23.284 -23.284 23.284 -23.284
27.072 -27.072 27.072 -27.072
32.999 -32.999 32.999 -32.999
42.894 -42.894 42.894 -42.894
59.816 -59.816 59.816 -59.816
43.775 -43.775 43.775 -43.775
57.08 -57.08 57.08 -57.08
72.007 -72.007 72.007 -72.007
107.48 -107.48 107.48 -107.48
65.682 -65.682 65.682 -65.682
80.09 -80.09 80.09 -80.09
94.048 -94.048 94.048 -94.048
64.24 -64.24 64.24 -64.24
55.024 -55.024 55.024 -55.024
49.107 -49.107 49.107 -49.107
53.542 -53.542 53.542 -53.542
37.259 -37.259 37.259 -37.259
25.24 -25.24 25.24 -25.24
36.355 -36.355 36.355 -36.355
31.346 -31.346 31.346 -31.346
18.166 -18.166 18.166 -18.166
12.709 -12.709 12.709 -12.709
12.83 -12.83 12.83 -12.83
11.701 -11.701 11.701 -11.701
17.136 -17.136 17.136 -17.136
13.206 -13.206 13.206 -13.206
9.7023 -9.7023 9.7023 -9.7023
5.1136 -5.1136 5.1136 -5.1136
5.4988 -5.4988 5.4988 -5.4988
7.2172 -7.2172 7.2172 -7.2172
8.7512 -8.7512 8.7512 -8.7512
8.4203 -8.4203 8.4203 -8.4203
5.425 -5.425 5.425 -5.425
6.5359 -6.5359 6.5359 -6.5359
7.3815 -7.3815 7.3815 -7.3815
5.0214 -5.0214 5.0214 -5.0214
3.9966 -3.9966 3.9966 -3.9966
5.4135 -5.4135 5.4135 -5.4135
4.5217 -4.5217 4.5217 -4.5217
4.0337 -4.0337 4.0337 -4.0337
4.0014 -4.0014 4.0014 -4.0014
5.5995 -5.5995 5.5995 -5.5995
4.857 -4.857 4.857 -4.857
6.8979 -6.8979 6.8979 -6.8979
7.5344 -7.5344 7.5344 -7.5344
10.468 -10.468 10.468 -10.468
13.956 -13.956 13.956 -13.956
21.012 -21.012 21.012 -21.012
13.202 -13.202 13.202 -13.202
18.669 -18.669 18.669 -18.669
26.084 -26.084 26.084 -26.084
21.133 -21.133 21.133 -21.133
15.617 -15.617 15.617 -15.617
15.747 -15.747 15.747 -15.747
10.998 -10.998 10.998 -10.998
16.092 -16.092 16.092 -16.092
13.346 -13.346 13.346 -13.346
8.3967 -8.3967 8.3967 -8.3967
8.5428 -8.5428 8.5428 -8.5428
9.4366 -9.4366 9.4366 -9.4366
5.4607 -5.4607 5.4607 -5.4607
6.3681 -6.3681 6.3681 -6.3681
7.1524 -7.1524 7.1524 -7.1524
5.7977 -5.7977 5.7977 -5.7977
5.5605 -5.5605 5.5605 -5.5605
5.9916 -5.9916 5.9916 -5.9916
6.9131 -6.9131 6.9131 -6.9131
9.8503 -9.8503 9.8503 -9.8503
14.524 -14.524 14.524 -14.524
14.951 -14.951 14.951 -14.951
11.584 -11.584 11.584 -11.584
7.6526 -7.6526 7.6526 -7.6526
8.7458 -8.7458 8.7458 -8.7458
12.277 -12.277 12.277 -12.277
17.829 -17.829 17.829 -17.829
12.08 -12.08 12.08 -12.08
13.714 -13.714 13.714 -13.714
18.456 -18.456 18.456 -18.456
24.353 -24.353 24.353 -24.353
32.389 -32.389 32.389 -32.389
45.148 -45.148 45.148 -45.148
40.997 -40.997 40.997 -40.997
54.854 -54.854 54.854 -54.854
62.371 -62.371 62.371 -62.371
44.353 -44.353 44.353 -44.353
39.145 -39.145 39.145 -39.145
48.15 -48.15 48.15 -48.15
25.591 -25.591 25.591 -25.591
20.15 -20.15 20.15 -20.15
22.995 -22.995 22.995 -22.995
14.252 -14.252 14.252 -14.252
12.741 -12.741 12.741 -12.741
12.932 -12.932 12.932 -12.932
10.806 -10.806 10.806 -10.806
15.635 -15.635 15.635 -15.635
19.468 -19.468 19.468 -19.468
12.09 -12.09 12.09 -12.09
18.854 -18.854 18.854 -18.854
27.634 -27.634 27.634 -27.634
36.221 -36.221 36.221 -36.221
41.141 -41.141 41.141 -41.141
60.348 -60.348 60.348 -60.348
37.292 -37.292 37.292 -37.292
51.85 -51.85 51.85 -51.85
65.761 -65.761 65.761 -65.761
78.626 -78.626 78.626 -78.626
96.405 -96.405 96.405 -96.405
107.12 -107.12 107.12 -107.12
68.396 -68.396 68.396 -68.396
73.435 -73.435 73.435 -73.435
62.187 -62.187 62.187 -62.187
73.736 -73.736 73.736 -73.736
61.913 -61.913 61.913 -61.913
51.724 -51.724 51.724 -51.724
36.974 -36.974 36.974 -36.974
32.824 -32.824 32.824 -32.824
31.139 -31.139 31.139 -31.139
30.794 -30.794 30.794 -30.794
23.958 -23.958 23.958 -23.958
33.387 -33.387 33.387 -33.387
18.576 -18.576 18.576 -18.576
18.213 -18.213 18.213 -18.213
26.066 -26.066 26.066 -26.066
36.855 -36.855 36.855 -36.855
24.748 -24.748 24.748 -24.748
26.866 -26.866 26.866 -26.866
26.103 -26.103 26.103 -26.103
39.19 -39.19 39.19 -39.19
50.828 -50.828 50.828 -50.828
74.177 -74.177 74.177 -74.177
55.027 -55.027 55.027 -55.027
31.358 -31.358 31.358 -31.358
22.985 -22.985 22.985 -22.985
29.567 -29.567 29.567 -29.567
43.364 -43.364 43.364 -43.364
31.754 -31.754 31.754 -31.754
44.049 -44.049 44.049 -44.049
64.521 -64.521 64.521 -64.521
44.607 -44.607 44.607 -44.607
50.075 -50.075 50.075 -50.075
68.932 -68.932 68.932 -68.932
55.994 -55.994 55.994 -55.994
37.946 -37.946 37.946 -37.946
47.149 -47.149 47.149 -47.149
51.892 -51.892 51.892 -51.892
50.075 -50.075 50.075 -50.075
48.322 -48.322 48.322 -48.322
30.301 -30.301 30.301 -30.301
15.433 -15.433 15.433 -15.433
22.248 -22.248 22.248 -22.248
15.101 -15.101 15.101 -15.101
20.532 -20.532 20.532 -20.532
20.195 -20.195 20.195 -20.195
17.049 -17.049 17.049 -17.049
10.913 -10.913 10.913 -10.913
12.992 -12.992 12.992 -12.992
18.772 -18.772 18.772 -18.772
15.941 -15.941 15.941 -15.941
11.373 -11.373 11.373 -11.373
12.744 -12.744 12.744 -12.744
13.742 -13.742 13.742 -13.742
12.121 -12.121 12.121 -12.121
7.2236 -7.2236 7.2236 -7.2236
7.0316 -7.0316 7.0316 -7.0316
8.7259 -8.7259 8.7259 -8.7259
5.8234 -5.8234 5.8234 -5.8234
7.2059 -7.2059 7.2059 -7.2059
10.049 -10.049 10.049 -10.049
14.361 -14.361 14.361 -14.361
15.983 -15.983 15.983 -15.983
20.971 -20.971 20.971 -20.971
25.907 -25.907 25.907 -25.907
31.949 -31.949 31.949 -31.949
46.503 -46.503 46.503 -46.503
32.358 -32.358 32.358 -32.358
46.104 -46.104 46.104 -46.104
66.244 -66.244 66.244 -66.244
81.191 -81.191 81.191 -81.191
71.253 -71.253 71.253 -71.253
85.957 -85.957 85.957 -85.957
59.03 -59.03 59.03 -59.03
85.631 -85.631 85.631 -85.631
62.464 -62.464 62.464 -62.464
69.453 -69.453 69.453 -69.453
36.64 -36.64 36.64 -36.64
46.934 -46.934 46.934 -46.934
37.624 -37.624 37.624 -37.624
32.466 -32.466 32.466 -32.466
21.289 -21.289 21.289 -21.289
20.26 -20.26 20.26 -20.26
27.913 -27.913 27.913 -27.913
39.42 -39.42 39.42 -39.42
36.61 -36.61 36.61 -36.61
28.53 -28.53 28.53 -28.53
34.831 -34.831 34.831 -34.831
41.065 -41.065 41.065 -41.065
52.574 -52.574 52.574 -52.574
47.171 -47.171 47.171 -47.171
25.053 -25.053 25.053 -25.053
36.78 -36.78 36.78 -36.78
36.129 -36.129 36.129 -36.129
50.26 -50.26 50.26 -50.26
69.371 -69.371 69.371 -69.371
95.06 -95.06 95.06 -95.06
84.077 -84.077 84.077 -84.077
74.185 -74.185 74.185 -74.185
83.504 -83.504 83.504 -83.504
97.802 -97.802 97.802 -97.802
77.72 -77.72 77.72 -77.72
47.03 -47.03 47.03 -47.03
24.545 -24.545 24.545 -24.545
16.242 -16.242 16.242 -16.242
13.791 -13.791 13.791 -13.791
7.4935 -7.4935 7.4935 -7.4935
9.9394 -9.9394 9.9394 -9.9394
9.4126 -9.4126 9.4126 -9.4126
8.6325 -8.6325 8.6325 -8.6325
5.231 -5.231 5.231 -5.231
7.6625 -7.6625 7.6625 -7.6625
11.346 -11.346 11.346 -11.346
15.306 -15.306 15.306 -15.306
9.6443 -9.6443 9.6443 -9.6443
6.6297 -6.6297 6.6297 -6.6297
9.0035 -9.0035 9.0035 -9.0035
8.1723 -8.1723 8.1723 -8.1723
12.311 -12.311 12.311 -12.311
14.649 -14.649 14.649 -14.649
11.189 -11.189 11.189 -11.189
15.099 -15.099 15.099 -15.099
16.066 -16.066 16.066 -16.066
11.532 -11.532 11.532 -11.532
16.56 -16.56 16.56 -16.56
11.995 -11.995 11.995 -11.995
13.619 -13.619 13.619 -13.619
10.339 -10.339 10.339 -10.339
14.845 -14.845 14.845 -14.845
17.468 -17.468 17.468 -17.468
11.636 -11.636 11.636 -11.636
8.907 -8.907 8.907 -8.907
11.591 -11.591 11.591 -11.591
16.838 -16.838 16.838 -16.838
18.162 -18.162 18.162 -18.162
25.853 -25.853 25.853 -25.853
37.848 -37.848 37.848 -37.848
30.3 -30.3 30.3 -30.3
30.48 -30.48 30.48 -30.48
27.471 -27.471 27.471 -27.471
40.623 -40.623 40.623 -40.623
58.493 -58.493 58.493 -58.493
72.354 -72.354 72.354 -72.354
61.934 -61.934 61.934 -61.934
51.96 -51.96 51.96 -51.96
67.69 -67.69 67.69 -67.69
88.222 -88.222 88.222 -88.222
75.584 -75.584 75.584 -75.584
63.361 -63.361 63.361 -63.361
58.005 -58.005 58.005 -58.005
61.591 -61.591 61.591 -61.591
74.37 -74.37 74.37 -74.37
99.271 -99.271 99.271 -99.271
96.473 -96.473 96.473 -96.473
66.14 -66.14 66.14 -66.14
98.415 -98.415 98.415 -98.415
74.111 -74.111 74.111 -74.111
72.031 -72.031 72.031 -72.031
38.742 -38.742 38.742 -38.742
24.677 -24.677 24.677 -24.677
14.632 -14.632 14.632 -14.632
19.258 -19.258 19.258 -19.258
13.422 -13.422 13.422 -13.422
11.555 -11.555 11.555 -11.555
9.5763 -9.5763 9.5763 -9.5763
5.8269 -5.8269 5.8269 -5.8269
9.3806 -9.3806 9.3806 -9.3806
6.7952 -6.7952 6.7952 -6.7952
6.5369 -6.5369 6.5369 -6.5369
3.8584 -3.8584 3.8584 -3.8584
4.6588 -4.6588 4.6588 -4.6588
2.965 -2.965 2.965 -2.965
3.2047 -3.2048 3.2047 -3.2048
4.7893 -4.7893 4.7893 -4.7893
2.978 -2.978 2.978 -2.978
4.7116 -4.7116 4.7116 -4.7116
4.6176 -4.6176 4.6176 -4.6176
5.8788 -5.8788 5.8788 -5.8788
7.2202 -7.2202 7.2202 -7.2202
3.9554 -3.9554 3.9554 -3.9554
4.6935 -4.6935 4.6935 -4.6935
4.4906 -4.4906 4.4906 -4.4906
2.659 -2.659 2.659 -2.659
3.7867 -3.7867 3.7867 -3.7867
5.2692 -5.2692 5.2692 -5.2692
4.0011 -4.0011 4.0011 -4.0011
5.7447 -5.7447 5.7447 -5.7447
5.0327 -5.0327 5.0327 -5.0327
4.4426 -4.4426 4.4426 -4.4426
5.7564 -5.7565 5.7564 -5.7565
8.7753 -8.7753 8.7753 -8.7753
11.93 -11.93 11.93 -11.93
11.455 -11.455 11.455 -11.455
10.8 -10.8 10.8 -10.8
16.211 -16.211 16.211 -16.211
12.686 -12.686 12.686 -12.686
10.398 -10.398 10.398 -10.398
10.076 -10.076 10.076 -10.076
10.109 -10.109 10.109 -10.109
10.296 -10.296 10.296 -10.296
7.1364 -7.1364 7.1364 -7.1364
7.3733 -7.3733 7.3733 -7.3733
10.174 -10.174 10.174 -10.174
7.2383 -7.2383 7.2383 -7.2383
4.008 -4.008 4.008 -4.008
3.3661 -3.3661 3.3661 -3.3661
3.6157 -3.6157 3.6157 -3.6157
3.9193 -3.9193 3.9193 -3.9193
5.7758 -5.7758 5.7758 -5.7758
7.2355 -7.2355 7.2355 -7.2355
9.0625 -9.0624 9.0625 -9.0624
11.705 -11.705 11.705 -11.705
11.94 -11.94 11.94 -11.94
9.8728 -9.8728 9.8728 -9.8728
6.5295 -6.5295 6.5295 -6.5295
6.8049 -6.8049 6.8049 -6.8049
7.1451 -7.1451 7.1451 -7.1451
10.115 -10.115 10.115 -10.115
12.594 -12.594 12.594 -12.594
15.615 -15.615 15.615 -15.615
10.942 -10.942 10.942 -10.942
9.0438 -9.0437 9.0438 -9.0437
6.3687 -6.3687 6.3687 -6.3687
8.2381 -8.2381 8.2381 -8.2381
9.4758 -9.4758 9.4758 -9.4758
12.532 -12.532 12.532 -12.532
10.203 -10.203 10.203 -10.203
6.101 -6.101 6.101 -6.101
6.7834 -6.7834 6.7834 -6.7834
3.9792 -3.9792 3.9792 -3.9792
5.2123 -5.2123 5.2123 -5.2123
7.0692 -7.0692 7.0692 -7.0692
3.7266 -3.7266 3.7266 -3.7266
3.0765 -3.0765 3.0765 -3.0765
4.3427 -4.3428 4.3427 -4.3428
4.7427 -4.7428 4.7427 -4.7428
4.7187 -4.7188 4.7187 -4.7188
4.5035 -4.5037 4.5035 -4.5037
5.1507 -5.1508 5.1507 -5.1508
4.9504 -4.9505 4.9504 -4.9505
4.0266 -4.0268 4.0266 -4.0268
5.905 -5.9054 5.905 -5.9054
5.4664 -5.4668 5.4664 -5.4668
8.8467 -8.8477 8.8467 -8.8477
8.2066 -8.2076 8.2066 -8.2076
8.9199 -8.921 8.9199 -8.921
9.2484 -9.2496 9.2484 -9.2496
10.387 -10.388 10.387 -10.388
14.925 -14.927 14.925 -14.927
13.194 -13.196 13.194 -13.196
19.817 -19.82 19.817 -19.82
17.295 -17.298 17.295 -17.298
12.231 -12.233 12.231 -12.233
13.56 -13.563 13.56 -13.563
16.334 -16.337 16.334 -16.337
17.073 -17.075 17.073 -17.075
21.285 -21.288 21.285 -21.288
30.673 -30.678 30.673 -30.678
42.478 -42.486 42.478 -42.486
32.794 -32.799 32.794 -32.799
47.316 -47.324 47.316 -47.324
32.758 -32.764 32.758 -32.764
24.418 -24.422 24.418 -24.422
25.973 -25.977 25.973 -25.977
16.901 -16.904 16.901 -16.904
12.608 -12.61 12.608 -12.61
9.6329 -9.6343 9.6329 -9.6343
7.9109 -7.912 7.9109 -7.912
5.3144 -5.315 5.3144 -5.315
3.6368 -3.6371 3.6368 -3.6371
3.1672 -3.1673 3.1672 -3.1673
3.1816 -3.1816 3.1816 -3.1816
2.6021 -2.6019 2.6021 -2.6019
1.8506 -1.8506 1.8506 -1.8506
2.779 -2.7789 2.779 -2.7789
2.2189 -2.2188 2.2189 -2.2188
2.9136 -2.9135 2.9136 -2.9135
4.7184 -4.718 4.7184 -4.718
4.3668 -4.3666 4.3668 -4.3666
2.8159 -2.8155 2.8159 -2.8155
4.6375 -4.6366 4.6375 -4.6366
6.3496 -6.3484 6.3496 -6.3484
4.8214 -4.8206 4.8214 -4.8206
5.1783 -5.1774 5.1783 -5.1774
3.2824 -3.2816 3.2824 -3.2816
5.1545 -5.1525 5.1545 -5.1525
6.4659 -6.4634 6.4659 -6.4634
4.78 -4.7772 4.78 -4.7772
7.1859 -7.1813 7.1859 -7.1813
4.0902 -4.0877 4.0902 -4.0877
2.1334 -2.1321 2.1334 -2.1321
3.0181 -3.0151 3.0181 -3.0151
4.9918 -4.9847 4.9918 -4.9847
5.2933 -5.2857 5.2933 -5.2857
7.2701 -7.2586 7.2701 -7.2586
6.4213 -6.4104 6.4213 -6.4104
5.276 -5.2667 5.276 -5.2667
6.5754 -6.563 6.5754 -6.563
4.0183 -4.0108 4.0183 -4.0108
3.351 -3.3448 3.351 -3.3448
4.9111 -4.9026 4.9111 -4.9026
4.9996 -4.9918 4.9996 -4.9918
5.6433 -5.6355 5.6433 -5.6355
5.3167 -5.31 5.3167 -5.31
7.9396 -7.9296 7.9396 -7.9296
7.715 -7.7053 7.715 -7.7053
12.105 -12.089 12.105 -12.089
7.4843 -7.4745 7.4843 -7.4745
6.1585 -6.1505 6.1585 -6.1505
6.0077 -6.0005 6.0077 -6.0005
8.7309 -8.7212 8.7309 -8.7212
5.8093 -5.8027 5.8093 -5.8027
4.6694 -4.6628 4.6694 -4.6628
3.4316 -3.4273 3.4316 -3.4273
3.9615 -3.9569 3.9615 -3.9569
3.0046 -3.0016 3.0046 -3.0016
3.6227 -3.6191 3.6227 -3.6191
5.5142 -5.5092 5.5142 -5.5092
6.9163 -6.9105 6.9163 -6.9105
8.5116 -8.5048 8.5116 -8.5048
7.8135 -7.8073 7.8135 -7.8073
9.0466 -9.0394 9.0466 -9.0394
8.1949 -8.1885 8.1949 -8.1885
9.3195 -9.3176 9.3195 -9.3176
12.783 -12.787 12.783 -12.787
15.758 -15.773 15.758 -15.773
24.124 -24.16 24.124 -24.16
19.168 -19.197 19.168 -19.197
10.056 -10.071 10.056 -10.071
9.7422 -9.7487 9.7422 -9.7487
13.621 -13.63 13.621 -13.63
20.511 -20.524 20.511 -20.524
27.235 -27.252 27.235 -27.252
19.183 -19.195 19.183 -19.195
10.619 -10.625 10.619 -10.625
11.748 -11.755 11.748 -11.755
15.011 -15.02 15.011 -15.02
8.5437 -8.5516 8.5437 -8.5516
11.639 -11.66 11.639 -11.66
10.63 -10.654 10.63 -10.654
6.3212 -6.3522 6.3212 -6.3522
7.4999 -7.552 7.4999 -7.552
5.2472 -5.298 5.2472 -5.298
4.4183 -4.4629 4.4183 -4.4629
3.6759 -3.7163 3.6759 -3.7163
4.4268 -4.4689 4.4268 -4.4689
6.5979 -6.6549 6.5979 -6.6549
6.2364 -6.2896 6.2364 -6.2896
7.1295 -7.1867 7.1295 -7.1867
4.9658 -5.0022 4.9658 -5.0022
5.4304 -5.4698 5.4304 -5.4698
6.7165 -6.7731 6.7165 -6.7731
9.6998 -9.8124 9.6998 -9.8124
11.13 -11.267 11.13 -11.267
8.2596 -8.38 8.2596 -8.38
12.031 -12.24 12.031 -12.24
11.389 -11.628 11.389 -11.628
16.321 -16.727 16.321 -16.727
18.1 -18.624 18.1 -18.624
9.4456 -9.7255 9.4456 -9.7255
10.199 -10.524 10.199 -10.524
14.391 -14.882 14.391 -14.882
10.487 -10.85 10.487 -10.85
12.076 -12.502 12.076 -12.502
14.773 -15.295 14.773 -15.295
12.889 -13.342 12.889 -13.342
7.1948 -7.4477 7.1948 -7.4477
7.1509 -7.4017 7.1509 -7.4017
10.22 -10.579 10.22 -10.579
13.307 -13.778 13.307 -13.778
11.62 -12.033 11.62 -12.033
14.91 -15.445 14.91 -15.445
17.26 -17.88 17.26 -17.88
21.377 -22.14 21.377 -22.14
25.338 -26.23 25.338 -26.23
25.081 -25.96 25.081 -25.96
27.378 -28.322 27.378 -28.322
35.857 -37.085 35.857 -37.085
34.115 -35.276 34.115 -35.276
26.617 -27.518 26.617 -27.518
33.371 -34.44 33.371 -34.44
30.414 -31.373 30.414 -31.373
27.262 -28.115 27.262 -28.115
30.619 -31.562 30.619 -31.562
16.002 -16.496 16.002 -16.496
19.423 -20.012 19.423 -20.012
18.906 -19.461 18.906 -19.461
24.381 -25.086 24.381 -25.086
20.378 -20.966 20.378 -20.966
13.529 -13.918 13.529 -13.918
14.928 -15.364 14.928 -15.364
11.253 -11.584 11.253 -11.584
7.0264 -7.2662 7.0264 -7.2662
6.695 -6.9488 6.695 -6.9488
8.921 -9.2606 8.921 -9.2606
6.1066 -6.3321 6.1066 -6.3321
4.4339 -4.602 4.4339 -4.602
2.9686 -3.069 2.9686 -3.069
4.5599 -4.6875 4.5599 -4.6875
7.7409 -7.8089 7.7409 -7.8089
7.4347 -7.4865 7.4347 -7.4865
4.8964 -4.9101 4.8964 -4.9101
3.6605 -3.6689 3.6605 -3.6689
5.8228 -5.685 5.8228 -5.685
3.4662 -3.3636 3.4662 -3.3636
2.2051 -2.1148 2.2051 -2.1148
2.2537 -2.0695 2.2537 -2.0695
2.388 -2.2135 2.388 -2.2135
3.3853 -3.1803 3.3853 -3.1803
2.8214 -2.6653 2.8214 -2.6653
3.75 -3.5633 3.75 -3.5633
4.1402 -3.9431 4.1402 -3.9431
2.3126 -2.2055 2.3126 -2.2055
1.9711 -1.4702 1.9711 -1.4702
2.1557 -1.5976 2.1557 -1.5976
2.1869 -1.6126 2.1869 -1.6126
3.899 -2.4179 3.899 -2.4179
6.2432 -3.575 6.2432 -3.575
8.3321 -4.5216 8.3321 -4.5216