0.66101 1.0027 0.58798 1.1429
0.25762 0.90099 0.68049 1.2271
0.89525 0.894 0.38113 1.1853
0.31434 1.4037 0.15775 0.84719
0.67092 0.71056 0.53172 1.047
0.81094 1.4299 0.51493 1.1741
0.18858 0.96093 0.77852 0.86246
0.90495 1.0784 0.5637 0.91723
0.59977 0.57714 0.61991 1.3997
0.65054 0.88116 0.13197 0.98329
0.25155 0.55818 0.69087 1.7055
0.38126 0.5099 0.55923 0.99396
0.19737 1.3716 0.78479 0.87997
0.62049 0.8885 0.22965 0.6446
0.089151 0.83634 0.98187 1.5129
0.64713 1.8427 0.72561 0.14857
0.61478 1.3782 0.97631 1.176
0.25071 1.223 0.28108 1.0473
0.5502 1.0582 0.95575 0.75502
0.25183 0.54635 0.5382 1.6883
