0.81664 1.3248 0.70552 0.65147
0.57654 0.73749 0.99406 0.83469
0.46119 0.81622 0.49335 1.5715
0.27396 1.04 0.6551 0.72281
0.40706 1.0571 0.29996 0.20502
0.60544 0.71528 0.79117 1.6753
0.97089 0.24422 0.77338 0.49977
0.59998 1.2929 0.44907 0.36516
0.15347 0.54023 0.21123 1.3368
0.70035 1.1745 0.95618 1.0747
0.63547 0.86624 0.89127 1.1814
0.21629 1.1976 0.68354 0.95802
0.31506 0.41371 0.025387 0.98537
0.82025 1.1723 0.43267 0.9472
0.088707 0.46905 0.93508 0.18478
0.39078 0.60365 0.58793 0.47378
0.23984 0.37721 0.65357 1.103
0.36653 1.3436 0.48125 0.96702
0.40169 1.1465 0.3338 1.5419
0.26759 1.618 0.76784 1.4829
0.24038 1.1433 0.96128 1.129
0.92355 0.94664 0.27425 1.3737
0.22328 1.7332 0.25212 0.59538
0.24699 0.96937 0.23958 1.2203
0.42825 1.1761 0.82593 0.98582
0.61719 0.40422 0.19387 0.21563
0.80808 1.2232 0.98563 0.62242
0.1486 1.3525 0.85303 1.5069
0.2386 0.073458 0.41694 1.2341
0.3224 1.4592 0.43404 1.395
0.32742 0.95012 0.098969 0.97888
0.67117 0.83114 0.049359 0.26388
0.201 0.52798 0.49914 0.99585
0.27542 0.90058 0.4196 1.1112
0.59699 1.513 0.049145 1.2585
0.88668 0.45071 0.8583 0.56269
0.085062 1.1779 0.17742 0.80927
0.013399 1.0803 0.58999 0.7396
0.70786 0.59663 0.75892 1.4173
0.21397 1.2515 0.96617 1.2058
0.48439 1.1175 0.062468 0.92666
0.17846 1.0149 0.33826 1.4809
0.88048 0.80145 0.042721 1.1665
0.35541 1.3379 0.64074 0.28503
0.82788 1.4284 0.044623 1.2352
0.79083 1.5318 0.051151 0.32115
0.29643 0.63044 0.27214 1.0628
0.91345 0.93343 0.60547 0.55034
0.50222 0.62477 0.7366 1.2948
0.11212 0.85942 0.88449 1.1435
0.52955 1.1009 0.0054939 1.5092
0.16287 1.1955 0.26233 0.45911
0.03887 1.1549 0.68206 0.12385
0.028196 0.75565 0.49995 0.92329
0.48069 0.62541 0.27853 1.6009
0.59049 1.1926 0.28742 0.82432
0.91995 1.1285 0.0060638 0.73085
0.56453 0.89448 0.36869 0.35566
0.37136 1.4817 0.021194 0.29347
0.68725 1.826 0.55456 0.39416
0.76544 1.5495 0.79134 0.98082
0.24656 1.174 0.19981 0.79769
0.36694 1.4051 0.71957 1.4859
0.12536 1.1914 0.42989 1.0429
0.016353 0.79343 0.07102 0.66122
0.71031 1.0097 0.80295 1.3176
0.9102 0.83195 0.91212 0.66105
0.62954 1.1423 0.13149 0.76227
0.062137 0.88021 0.77754 1.0724
0.74215 1.2051 0.62593 1.099
0.7291 0.88096 0.20301 1.722
0.79499 1.1872 0.97457 1.4604
0.42014 0.49078 0.24572 0.86796
0.48012 1.8778 0.66897 1.4747
0.85238 1.2609 0.94532 1.5234
0.12873 1.3001 0.69665 0.54891
0.080084 1.0852 0.10356 1.5946
0.1312 0.72431 0.51506 0.94752
0.48178 0.4745 0.44588 1.4004
0.79818 0.88933 0.52894 0.88419
0.66884 1.8652 0.48334 0.28575
0.33269 1.6319 0.2588 0.93333
0.9737 1.3267 0.26436 1.0143
0.78994 1.0046 0.49707 1.8284
0.32079 0.97264 0.61628 0.11963
0.0068941 0.64151 0.062934 1.7975
0.92002 1.1366 0.90616 0.70306
0.83154 0.96833 0.91367 0.28325
0.67916 1.0687 0.77706 0.50428
0.69367 0.89422 0.19886 1.4326
0.45239 0.82126 0.78889 1.0328
0.0019245 1.5786 0.55558 0.59354
0.43325 0.74443 0.058416 1.4259
0.44196 0.76351 0.83959 1.3536
0.61826 1.2159 0.74159 1.2515
0.93564 0.71807 0.32531 0.72034
0.74599 1.2216 0.8729 0.87737
0.43329 1.0462 0.52156 0.79447
0.65266 1.131 0.46901 0.68882
0.1833 1.177 0.226 1.8422
0.41196 1.3738 0.015292 0.80739
0.75067 0.74034 0.062123 1.1504
0.43168 0.70269 0.54278 1.289
0.61015 0.76187 0.43623 0.25706
0.081069 0.39038 0.28396 1.0209
0.073227 0.83015 0.72998 0.86571
0.34638 0.33055 0.65221 0.46698
0.48176 1.0149 0.38259 0.78065
0.32689 0.87845 0.10304 1.6395
0.37041 1.7309 0.37744 1.4911
0.4818 0.82467 0.79562 1.2824
0.69139 1.3882 0.84979 0.44818
0.51228 1.0938 0.85503 0.86705
0.46544 0.85735 0.26485 1.3949
0.62948 0.99656 0.56273 1.8165
0.54116 0.18415 0.39331 1.6806
0.42046 1.2579 0.13712 0.64605
0.29218 1.3713 0.0073232 1.5853
0.9327 0.72834 0.60926 0.96115
0.89185 0.66237 0.42082 0.7145
0.40018 0.68752 0.55393 1.4534
0.59626 1.2511 0.50628 1.5718
0.58721 1.3089 0.13282 1.5474
0.7616 0.99735 0.65114 1.3737
0.35109 1.24 0.3126 0.64532
0.27425 0.42596 0.14953 0.86444
0.33435 1.0996 0.83303 0.58069
0.23358 1.3256 0.069241 0.10107
0.49473 0.061505 0.12215 1.3991
0.40262 0.22408 0.091214 1.913
0.72055 0.86567 0.34234 0.73188
0.5663 1.0005 0.65451 0.55983
0.6525 0.078409 0.70086 0.8952
0.3011 0.86055 0.085464 0.2244
0.63344 0.5853 0.26643 1.1419
0.89425 1.3259 0.30027 1.4864
0.71506 1.3993 0.33035 0.82264
0.36487 0.96314 0.59235 0.80453
0.90519 1.4333 0.26453 0.55691
0.94983 0.85755 0.73873 0.60241
0.0044611 0.73306 0.85074 0.44605
0.69557 0.49534 0.56243 0.76177
0.33772 0.31091 0.3328 1.2094
0.077323 0.99862 0.4583 0.85582
0.65719 1.2923 0.57195 1.449
0.40211 0.65643 0.9347 1.2876
0.36053 0.7128 0.94771 1.2294
0.030124 1.7738 0.4411 0.89189
0.70071 0.94321 0.70299 1.6856
0.51017 0.55109 0.61224 1.9135
0.74637 0.799 0.80144 1.1222
0.33672 1.2376 0.56409 0.58329
0.85527 0.92757 0.58916 0.87241
0.50824 0.74748 0.85343 0.33549
0.6838 0.17689 0.10634 1.1036
0.50196 0.68971 0.019167 1.4267
0.44261 0.80441 0.90718 1.3693
0.04467 0.68673 0.94519 1.2011
0.18038 1.1179 0.36991 1.0597
0.20524 1.3444 0.095586 1.4456
0.43274 0.69099 0.27756 1.4633
0.10086 1.7389 0.49892 0.79469
0.23903 0.54051 0.3496 0.7865
0.55826 1.1477 0.54807 0.95431
0.42127 1.7959 0.3855 1.4093
0.38066 1.2408 0.28073 0.87868
0.17991 0.53792 0.12728 0.4145
0.01569 0.8695 0.75309 1.0897
0.50496 0.85408 0.72211 0.32631
0.7611 0.90115 0.26895 1.2775
0.19362 1.5413 0.064149 1.123
0.42537 0.47142 0.70215 0.40857
0.97732 1.1171 0.55158 1.0701
0.043807 0.2086 0.58215 1.6376
0.27838 0.95931 0.54219 1.7514
0.44332 0.83852 0.11721 0.96025
0.37994 1.0398 0.76483 0.94506
0.91837 0.19719 0.6927 1.1651
0.97062 0.11842 0.12616 0.75217
0.64641 1.0303 0.38685 0.74159
0.56234 0.76422 0.19835 1.2687
0.39393 0.98268 0.34024 1.7422
0.35648 1.9115 0.37304 0.63781
0.11536 1.3661 0.50121 0.94972
0.81691 1.2436 0.34351 1.7547
0.49854 0.84385 0.11802 0.91199
0.57552 0.57427 0.51546 0.66485
0.35528 0.53051 0.86335 1.0067
0.34401 1.6139 0.45688 1.7161
0.23809 0.68408 0.77116 1.2852
0.2734 1.3302 0.525 0.39858
0.53111 0.86702 0.87338 1.1907
0.93761 0.34793 0.048717 0.24148
0.97884 0.58662 0.63233 1.4705
0.072634 1.0502 0.21182 0.58785
0.35989 0.8842 0.42668 0.98234
0.75815 1.2076 0.91575 0.87686
0.62974 1.0712 0.95591 0.52381
0.75512 0.56408 0.52611 1.0218
0.85011 1.285 0.81603 0.64792
0.13213 0.89196 0.76072 1.1559
0.61723 1.5689 0.39765 1.8575
0.84127 0.24517 0.03832 0.84083
0.096206 1.3075 0.9481 0.78759
0.39602 1.0495 0.53226 1.1128
0.90364 1.3416 0.34004 0.84345
0.6639 1.4498 0.72736 1.1239
0.22301 0.58657 0.55545 1.4053
0.45523 1.3225 0.61026 1.3404
0.54399 1.3826 0.51836 0.58173
0.28605 1.0386 0.87902 0.18335
0.93654 0.99059 0.80621 0.94969
0.96908 1.6321 0.52423 0.54365
0.11287 1.0645 0.65023 0.68339
0.19089 1.0816 0.85694 1.0671
0.94285 1.6376 0.10345 1.1343
0.29644 1.2113 0.79903 0.13708
0.44171 0.90157 0.49252 0.77211
0.029516 1.1596 0.57264 0.40519
0.57246 1.0801 0.74169 0.41392
0.076606 1.3662 0.78717 0.59793
0.19349 1.5643 0.53093 1.1203
0.92413 1.3938 0.98606 1.0483
0.97529 1.1433 0.30477 0.76108
0.75364 0.2591 0.20636 0.57461
0.86138 0.79824 0.65784 0.81135
0.10221 0.49957 0.58046 0.90041
0.96349 1.6951 0.84487 1.3111
0.75311 1.5763 0.70305 0.83402
0.24662 1.5496 0.039941 0.79998
0.46211 0.57521 0.11737 1.1607
0.16162 1.5635 0.41976 1.2631
0.66612 1.0595 0.97315 1.3898
0.27965 0.81507 0.53139 1.1768
0.93069 1.2767 0.16666 0.61226
0.78925 1.4657 0.10297 1.2221
0.88362 0.24593 0.52224 0.28553
0.97413 0.99127 0.7561 0.60876
0.72257 0.34954 0.0026012 0.85048
0.20561 0.8912 0.26037 1.4215
0.079955 1.3112 0.73533 0.747
0.82265 0.84071 0.34339 0.86292
0.13614 0.74283 0.66589 1.039
0.83044 0.96305 0.67362 1.1126
0.13946 1.4738 0.37883 1.252
0.67836 0.54344 0.51593 0.56526
0.97806 1.2835 0.26772 1.7096
0.86691 0.69403 0.37375 0.73246
0.13663 0.87137 0.082692 0.77209
0.73882 1.6765 0.37207 0.9395
0.38052 1.4704 0.30217 0.76771
0.29453 1.1822 0.25981 1.9823
0.46348 1.672 0.98785 0.92001
0.38508 0.87118 0.94323 1.5108
0.167 0.77745 0.925 1.302
0.75434 1.3397 0.8566 1.1711
0.60239 0.60169 0.10737 0.53864
0.45547 1.1726 0.65459 0.058023
0.057533 0.69947 0.021263 1.9017
0.2898 1.5023 0.93148 0.5479
0.51402 1.5241 0.8753 0.82315
0.3781 1.6778 0.88451 0.97471
0.53477 0.95102 0.8926 0.88391
0.10276 1.3031 0.21205 0.84261
0.70161 0.82091 0.36135 1.1719
0.0013957 0.20884 0.38431 0.42057
0.32014 0.10845 0.39335 0.94111
0.18125 0.88194 0.20938 0.44704
0.59372 0.75045 0.59447 0.79949
0.17247 0.6754 0.933 0.62321
0.056217 0.92153 0.20172 0.79554
0.50825 0.44603 0.75921 1.1022
0.14605 0.41556 0.93107 1.1177
0.42195 1.7233 0.056499 0.71048
0.6742 0.52627 0.27981 0.41105
0.78009 1.9193 0.96284 1.64
0.68824 0.35484 0.49842 1.5132
0.099032 0.13342 0.28775 1.2787
0.53811 1.6666 0.01133 0.80195
0.28284 0.33009 0.58957 0.69883
0.17205 1.486 0.1701 0.78481
0.67634 1.6449 0.56959 0.84635
0.55167 0.46015 0.96744 0.32165
0.62842 0.75248 0.32455 0.82957
0.52102 0.74497 0.86494 0.83215
0.99411 0.95253 0.83849 0.95252
0.3474 0.71237 0.74941 1.7155
0.93941 0.65923 0.66808 1.1338
0.4812 1.3655 0.28616 0.61354
0.59516 0.43823 0.33641 0.81718
0.95955 0.84838 0.44208 0.99299
0.962 1.6711 0.67638 1.1937
0.70608 0.71161 0.95769 0.35499
0.93988 0.50662 0.83376 1.326
0.15524 1.338 0.83043 1.3805
0.46414 0.37286 0.29869 1.7133
0.52331 0.83966 0.83163 1.4561
0.53913 0.90205 0.25983 1.4039
0.35404 1.1003 0.18674 0.6701
0.35066 0.7056 0.18972 0.47392
0.83569 0.91899 0.38415 1.078
0.0094997 1.3652 0.30902 0.73419
0.83675 0.7914 0.28134 0.70342
0.78134 0.40657 0.53151 0.88307
0.15391 0.36129 0.52525 1.6415
0.28324 1.588 0.71487 0.88706
0.73439 0.92321 0.44964 1.3654
0.18208 0.93733 0.13554 1.0885
0.27277 0.75049 0.63564 0.86288
0.80619 0.87999 0.66788 0.68627
0.28659 1.3687 0.14244 1.1947
0.24588 1.1316 0.6919 0.90574
0.071747 1.6969 0.49866 1.4162
0.986 1.5916 0.9049 1.5275
0.57521 1.1398 0.76652 0.72439
0.74677 0.99058 0.69533 0.71801
0.67732 0.93992 0.2824 0.80809
0.58187 0.86957 0.61887 0.22041
0.81424 1.2463 0.015987 1.0943
0.21435 0.74939 0.98787 0.97688
0.81734 1.0433 0.63208 1.848
0.68215 1.3496 0.80822 1.0392
0.27966 0.54791 0.66497 0.072449
0.029324 1.4193 0.54438 0.84099
0.52897 1.2035 0.87316 0.49338
0.18761 1.4078 0.93146 1.3065
0.97635 1.0242 0.3312 1.0281
0.62371 0.7987 0.52706 0.95421
0.45908 0.98769 0.35857 1.6981
0.33427 1.3734 0.083195 0.55545
0.3904 0.81395 0.23934 1.823
0.48627 0.49244 0.70009 1.0132
0.13727 0.41192 0.82647 0.41654
0.93005 1.1215 0.82873 1.3116
0.48495 1.6915 0.65977 1.061
0.4564 0.53492 0.41846 1.2129
0.034296 0.91127 0.92685 1.1791
0.04338 1.1803 0.47606 0.8808
0.38575 0.92006 0.53406 1.2825
0.99817 0.60149 0.90247 0.51972
0.014755 1.5797 0.78051 0.66811
0.48529 1.0452 0.39022 0.5027
0.82309 1.3862 0.87442 0.88238
0.99836 0.41033 0.19566 0.90651
0.86997 1.2819 0.30749 0.31351
0.41124 1.0554 0.81634 0.96876
0.36825 0.83791 0.42622 1.3887
0.091217 1.0619 0.6675 1.3415
0.73131 1.1099 0.30082 1.1262
0.338 1.4908 0.73432 0.6679
0.98546 1.4312 0.69877 1.1767
0.089932 0.96015 0.47074 1.2936
0.63536 1.3459 0.52527 1.5839
0.14134 1.9308 0.27552 1.3254
0.9871 1.1017 0.795 0.40901
0.93333 0.66403 0.34837 0.87465
0.20913 1.2589 0.68037 1.4824
0.35542 1.11 0.43837 1.0994
0.90878 1.0638 0.83359 1.6983
0.39138 0.71718 0.73398 0.59235
0.29066 0.34134 0.29214 1.2411
0.2968 0.77171 0.024842 1.3022
0.91784 0.73659 0.68603 0.99162
0.23428 1.0033 0.49735 1.7504
0.79058 1.6054 0.38023 1.0482
0.21858 1.7314 0.72267 1.1426
0.77283 0.65151 0.69328 0.99351
0.61967 1.5097 0.7623 0.88946
0.51148 0.6812 0.32941 0.91763
0.0013441 1.4435 0.58064 1.5409
0.17184 1.0189 0.19491 1.1231
0.15032 0.86042 0.50542 1.5874
0.017387 1.1881 0.47121 0.96657
0.046077 0.66721 0.44227 0.62051
0.16356 1.3965 0.5721 0.96283
0.81832 1.2699 0.085342 0.55433
0.23284 0.47629 0.24605 0.28763
0.35193 0.99944 0.40908 1.4001
0.11424 1.4352 0.40721 0.47011
0.67593 1.0673 0.54302 0.70665
0.35713 0.34196 0.66159 0.12187
0.6787 0.26391 0.13156 0.3874
0.43962 1.0004 0.9372 0.81305
0.57022 0.89265 0.57764 1.7406
0.7646 0.38671 0.24695 1.3177
0.69386 0.51465 0.29486 0.56743
0.5707 1.0107 0.6348 0.7191
0.39889 1.8772 0.24888 0.80722
0.93533 1.3745 0.4489 0.37503
0.53178 0.62005 0.63484 1.8486
0.66812 0.83798 0.43901 1.8943
0.17299 0.86989 0.69438 0.97987
0.92493 0.86361 0.37061 1.1245
0.63879 0.76237 0.88968 0.29856
0.48294 1.3778 0.62982 1.131
0.46502 1.7923 0.10917 1.3962
0.11312 1.2575 0.10789 1.1873
0.44573 1.2995 0.93885 0.86619
0.63381 1.4266 0.92967 0.42206
0.062876 0.6714 0.30694 0.86674
0.94976 0.64109 0.010364 1.2185
0.16783 0.87085 0.75527 0.68084
0.83382 1.4562 0.60586 1.7904
0.51792 1.8341 0.94286 1.1338
0.74121 1.0188 0.70108 1.5841
0.74472 0.70427 0.87383 1.5884
0.96412 0.6705 0.98192 1.0557
0.91863 0.14465 0.28348 1.2162
0.058626 0.90843 0.82099 0.87318
0.17952 1.6818 0.034931 1.5347
0.77133 0.86828 0.54053 0.45955
0.33154 1.1105 0.57822 1.1872
0.85451 0.69902 0.64238 0.62672
0.4201 0.62154 0.54591 1.3239
0.1823 1.2934 0.23627 1.1224
0.20541 1.2443 0.25969 0.95216
0.94263 0.69016 0.64157 1.6952
0.82906 0.91311 0.38876 0.81026
0.16841 0.93923 0.74012 0.44922
0.8728 1.4531 0.35552 1.2631
0.17883 1.1415 0.99642 1.5588
0.95913 0.8515 0.156 0.85006
0.92894 0.9803 0.42457 1.3306
0.22308 0.68032 0.1364 0.19073
0.26018 1.6932 0.54447 0.98077
0.082208 1.0268 0.59813 1.2564
0.029186 1.5682 0.45491 0.69052
0.3325 0.77005 0.94367 1.5034
0.3031 0.35937 0.42822 0.9295
0.66103 1.6175 0.38109 0.80184
0.13617 1.7646 0.096627 0.72829
0.30516 0.73583 0.82388 0.55805
0.62725 0.17456 0.20593 1.2198
0.98019 0.85622 0.43777 1.1879
0.8352 1.1245 0.53918 1.0851
0.025127 1.1901 0.0068243 0.55296
0.78609 1.107 0.44739 0.97273
0.28874 1.2458 0.86318 1.3071
0.65623 1.4072 0.28469 0.86219
0.64457 0.93387 0.26358 0.44292
0.17478 0.83911 0.36862 1.3312
0.53754 0.49019 0.92641 0.82394
0.74912 0.030538 0.14774 0.94586
0.0028877 1.3612 0.12701 0.99782
0.91692 1.9221 0.67212 0.8642
0.11379 1.0463 0.96023 0.91975
0.11938 1.5494 0.49242 1.4238
0.36131 1.0039 0.47 1.2351
0.05878 1.5756 0.33001 0.23881
0.26452 0.47236 0.24592 0.57635
0.94768 0.642 0.032442 1.2314
0.90615 0.89296 0.3685 0.53702
0.66254 1.3306 0.95362 0.35605
0.094128 1.2066 0.68532 0.76601
0.41244 0.74765 0.11179 0.75893
0.49184 1.016 0.46155 1.4662
0.87706 0.49136 0.66024 0.63693
0.27796 0.4423 0.65717 1.7382
0.64541 1.3938 0.89722 1.0704
0.88234 0.80479 0.33517 0.45758
0.427 1.4115 0.80376 0.59859
0.92309 0.68025 0.86672 1.4545
0.49965 0.42126 0.58448 1.4195
0.92476 0.37951 0.16612 1.363
0.37436 1.0361 0.25941 0.84492
0.83048 1.5613 0.070177 0.799
0.28103 0.91578 0.55504 1.0347
0.61897 1.7415 0.40979 1.2887
0.25843 1.2731 0.41675 1.4545
0.38206 0.84113 0.096334 0.9053
0.13128 1.0285 0.6099 0.91632
0.65619 0.90188 0.841 1.4331
0.49982 0.85363 0.3072 0.84631
0.16976 0.34073 0.048765 0.9523
0.22582 0.2346 0.36697 0.9683
0.56785 1.6798 0.56972 0.66437
0.77878 0.926 0.59024 0.8745
0.11066 0.94825 0.64068 0.55397
0.072019 0.64046 0.36585 0.4713
0.2873 1.1622 0.74144 0.97622
0.066987 1.382 0.75717 0.81357
0.24071 0.66801 0.23091 1.0971
0.011988 1.2048 0.13247 1.3553
0.20939 1.1506 0.21418 0.8045
0.90579 1.0447 0.27777 1.2489
0.097102 1.6036 0.78282 0.54523
0.66752 0.80231 0.61267 0.50942
0.34379 0.76205 0.69034 0.91261
0.23356 0.60468 0.30803 1.5059
0.3573 1.37 0.2167 1.1189
0.67728 1.7909 0.73601 1.0375
0.010019 1.5259 0.35591 1.4389
0.23995 0.74913 0.92761 0.81796
0.76299 0.1748 0.37939 1.0826
0.68596 1.3069 0.69887 1.1028
0.5904 1.0344 0.96206 1.8655
0.78135 0.65554 0.53843 0.83282
0.094138 0.48819 0.88601 0.81273
0.2575 1.1081 0.46351 1.1563
0.3308 0.2985 0.75677 1.1023
0.80285 1.2603 0.80312 0.74235
0.87664 0.53155 0.087474 1.2407
0.66791 1.7292 0.50242 0.83498
0.33556 0.49715 0.58856 0.54624
0.35193 0.75121 0.20672 1.7944
0.26215 1.3414 0.098649 1.1459
0.15006 1.1986 0.32102 1.0281
0.59439 0.40027 0.15374 1.5567
0.062626 1.2474 0.0077822 1.1088
0.77426 0.61793 0.68205 0.76416
0.1205 1.6549 0.71925 1.1561
0.16185 1.2762 0.12016 0.98712
0.68115 1.5515 0.14483 0.8965
0.057828 1.0023 0.13494 0.95126
0.01478 0.15515 0.18912 1.1058
0.070862 0.95064 0.03786 1.6834
0.30787 0.4829 0.51574 0.99173
0.39351 0.98704 0.9952 1.0042
0.4396 1.0579 0.15144 1.03
0.77805 0.99727 0.74117 1.1573
0.087644 0.28936 0.47043 0.52728
0.29283 0.38868 0.40685 1.1084
0.43024 1.5702 0.87126 1.7703
0.70725 0.6745 0.014297 1.8092
0.024584 1.8264 0.23699 1.1523
0.59827 1.1558 0.9262 0.42443
0.33441 0.95047 0.44303 0.71836
0.099138 0.94296 0.71515 1.0248
0.72164 0.57999 0.78247 1.7742
0.94205 0.87155 0.047568 1.301
0.80035 0.85525 0.46679 1.0686
0.27914 1.3849 0.044721 0.97157
0.78755 0.56908 0.89912 1.2701
0.77568 1.4932 0.83745 1.3891
0.34442 1.5193 0.19119 1.8185
0.37844 1.1989 0.25633 0.63208
0.021463 1.7538 0.29328 0.42932
0.24042 1.2732 0.20259 0.79398
0.34822 0.10307 0.53715 0.5261
0.12431 1.2656 0.19274 0.016181
0.48862 0.91238 0.40701 0.74756
0.73492 0.50741 0.2999 1.0265
0.80714 0.24564 0.91366 0.61172
0.76511 1.1594 0.33421 1.2905
0.71934 0.89723 0.033593 1.3533
0.61562 1.247 0.11218 1.1906
0.050602 1.9028 0.05521 1.6117
0.02622 0.70629 0.95544 1.5691
0.52521 1.2706 0.75625 0.7359
0.58982 1.2072 0.73891 1.0715
0.31942 0.51679 0.84813 1.366
0.49365 1.4846 0.11484 0.71993
0.81227 0.4149 0.66683 1.233
0.38178 1.7762 0.71881 0.83895
0.41863 0.58637 0.055933 1.1344
0.585 1.0273 0.29883 0.8754
0.40956 0.92785 0.58609 0.34064
0.31562 0.42337 0.14736 1.5049
0.99153 0.5878 0.10749 1.1864
0.33426 0.6236 0.037959 0.26904
0.92241 0.87046 0.37314 1.4123
0.98916 1.7414 0.54346 1.1653
0.56332 1.5172 0.1879 1.9643
0.2155 0.99535 0.48531 0.65217
0.2195 0.28654 0.93687 1.0596
0.27762 0.85137 0.9531 1.3243
0.81493 1.4696 0.3496 0.79234
0.021606 0.54761 0.34101 0.75418
0.3844 0.29815 0.09329 1.0186
0.96925 0.35346 0.19004 1.1903
0.16462 0.10685 0.50703 1.1434
0.50824 0.67054 0.051478 0.32308
0.36701 0.81108 0.5848 1.4877
0.99475 1.4422 0.43513 1.2185
0.696 0.75577 0.016475 0.73882
0.15254 1.0276 0.89954 1.0798
0.046376 0.91851 0.029327 1.313
0.57444 0.89736 0.3404 0.91771
0.2193 0.61796 0.90399 0.80369
0.68309 1.2352 0.37165 0.86701
0.40112 1.4413 0.20497 0.68245
0.2377 0.26011 0.88436 1.1316
0.92124 1.0554 0.78165 1.1474
0.24192 0.10843 0.5836 0.92539
0.20186 0.97359 0.12707 1.7152
0.68767 1.0299 0.91074 0.27947
0.75094 1.2731 0.82291 0.70965
0.22512 1.3424 0.38675 1.1956
0.41869 1.4567 0.93579 1.0828
0.10555 0.94261 0.53129 1.0485
0.62119 1.2035 0.28034 0.72364
0.19776 1.2835 0.40839 1.2215
0.3626 1.7955 0.1619 1.2448
0.89353 0.36217 0.44048 1.1025
0.67031 0.77521 0.21043 0.89908
0.47115 1.1985 0.049914 1.5602
0.49593 0.51419 0.26972 1.2903
0.68417 0.71133 0.748 1.2767
0.39164 1.492 0.55883 0.772
0.73225 1.2165 0.61162 0.47577
0.58123 1.0725 0.070604 1.4929
0.37425 0.71945 0.03359 0.67738
0.40614 1.3401 0.65796 1.5261
0.57524 1.6413 0.97596 1.611
0.44164 0.66989 0.77784 0.7156
0.56946 0.49142 0.0211 1.5515
0.51227 1.2201 0.40755 1.3213
0.21984 0.82187 0.23046 1.8743
0.43855 0.46869 0.91989 1.0639
0.31904 0.7691 0.28433 0.7913
0.36378 1.2466 0.49932 0.80327
0.81352 1.316 0.23482 0.53541
0.022264 0.12865 0.30112 1.7961
0.29806 1.1123 0.82593 1.3023
0.1364 1.7732 0.81458 1.2911
0.86109 0.49417 0.55294 0.48611
0.01853 1.0395 0.50782 1.5475
0.71365 1.8179 0.69775 0.48055
0.89346 1.6187 0.70118 0.72728
0.93729 1.3038 0.010893 1.1412
0.81974 0.54993 0.034268 0.86193
0.51616 0.5394 0.65333 0.61572
0.75413 0.54084 0.28 0.96903
0.60305 0.8805 0.88878 1.2307
0.64323 1.006 0.78606 0.76514
0.49114 1.3151 0.40346 1.2431
0.87744 0.46087 0.70818 1.6254
0.82649 0.80624 0.01067 1.7421
0.095557 1.1035 0.54328 0.57483
0.85622 0.7296 0.26436 1.2604
0.77555 1.089 0.63792 0.71703
0.72506 1.7995 0.89465 0.18827
0.76799 0.12758 0.20685 1.1103
0.043304 1.5459 0.15356 0.86343
0.71831 0.80423 0.12864 1.1879
0.22079 1.615 0.45356 0.82163
0.46526 1.1316 0.089786 0.19952
0.50673 1.3257 0.076509 1.185
0.16652 0.88032 0.74771 0.66656
0.33457 1.3293 0.30505 0.46894
0.81888 0.33027 0.98205 1.0298
0.96897 0.94075 0.57662 1.072
0.23348 1.3658 0.2921 0.95925
0.67376 1.8646 0.57374 0.80355
0.1997 0.53768 0.9582 0.49463
0.33615 1.0829 0.14966 1.6562
0.32838 0.88402 0.1131 0.74496
0.77191 0.11468 0.79256 0.36642
0.58707 1.6918 0.079192 1.5004
0.1929 1.151 0.77541 0.73589
0.35339 1.6536 0.83895 0.40733
0.13389 1.3488 0.69815 1.5034
0.19034 0.95554 0.39681 0.94359
0.33895 1.1559 0.92269 1.5795
0.8384 1.628 0.62952 0.83567
0.86549 1.3008 0.21629 1.4986
0.064899 1.0345 0.678 0.95987
0.53512 0.59642 0.51735 0.89262
0.25572 0.87856 0.85283 0.14371
0.8232 0.59724 0.016572 1.2938
0.47471 1.2602 0.94412 1.3867
0.45862 0.92282 0.84997 1.7182
0.53555 1.8903 0.4341 0.21673
0.024434 0.21326 0.50436 1.7135
0.87648 1.3 0.90825 1.1331
0.2852 1.1394 0.1327 1.4481
0.00013254 0.98901 0.31796 0.34027
0.53011 1.6435 0.82918 1.3027
0.67358 1.6591 0.91301 1.0712
0.75614 0.64375 0.16851 1.7993
0.96402 1.2574 0.34827 1.4967
0.59849 1.734 0.73139 0.65831
0.87082 0.88962 0.3334 1.0515
0.46304 0.80513 0.16689 0.68294
0.46639 1.2291 0.45637 0.41963
0.12782 1.1332 0.63993 1.3951
0.89649 1.6007 0.42743 0.85157
0.17585 1.187 0.2949 0.5514
0.058738 0.37428 0.060173 1.3257
0.02666 1.6621 0.55047 1.6775
0.56305 0.70856 0.3046 0.57456
0.75451 0.97411 0.6711 1.0003
0.93984 1.5328 0.48515 0.69471
0.51809 1.2255 0.7892 1.4245
0.57117 0.93451 0.76649 1.1715
0.92017 1.2776 0.21031 0.87319
0.60811 0.70223 0.46573 1.3147
0.6167 0.93735 0.20309 1.5343
0.6776 1.3556 0.017316 1.7353
0.22661 0.61084 0.91447 1.5687
0.76843 0.98911 0.53331 0.70692
0.06838 0.78834 0.19958 1.7715
0.012018 0.6264 0.96657 0.61128
0.8322 0.84963 0.44531 0.40673
0.9905 1.3637 0.79428 1.6049
0.48861 0.93456 0.13059 1.3309
0.21224 0.49569 0.83111 0.30973
0.32379 1.0723 0.73877 0.85493
0.15987 1.0449 0.73147 0.89456
0.053694 0.41792 0.71439 0.64773
0.12174 1.2468 0.98404 1.4155
0.5931 0.6664 0.26954 0.70584
0.432 0.8534 0.93051 1.2056
0.50789 1.1946 0.064098 1.7519
0.65911 0.48556 0.44917 0.9838
0.14717 0.79421 0.77523 1.3252
0.53126 0.64213 0.087894 0.4071
0.90046 1.0932 0.86815 0.98515
0.0563 1.0404 0.64006 1.0539
0.88926 0.077267 0.34772 1.0575
0.66672 1.0556 0.45446 0.44764
0.44688 1.0387 0.017031 0.26465
0.86142 0.99907 0.93782 0.67263
0.47877 0.88166 0.56983 0.37509
0.9928 1.1889 0.40413 1.6372
0.21984 1.8175 0.8665 1.2731
0.68902 0.54946 0.17147 1.2215
0.0090237 1.4384 0.16908 1.2283
0.20639 0.94487 0.90162 0.71501
0.70914 1.4096 0.13193 0.70204
0.4252 0.42667 0.66145 0.62452
0.32238 0.97497 0.59744 0.88092
0.21065 0.37337 0.18962 0.71157
0.20832 0.80984 0.71335 0.42377
0.2527 1.0907 0.27002 0.92263
0.48176 1.4368 0.22067 0.30838
0.35466 1.1217 0.63773 0.45965
0.74975 0.92172 0.49242 1.2963
0.61739 0.9383 0.31945 1.1018
0.3025 1.3202 0.14179 0.78883
0.84434 1.265 0.28815 0.87
0.90883 1.5336 0.11321 0.48708
0.61386 0.80141 0.2839 0.70513
0.50813 1.2918 0.53888 0.33917
0.052151 0.29767 0.43708 1.4295
0.21873 1.5406 0.91834 0.77533
0.69145 1.3814 0.11593 0.80238
0.35962 0.19791 0.30606 0.24635
0.30225 1.4568 0.56145 1.7827
0.7961 0.96348 0.46995 0.78174
0.79117 1.2467 0.41877 1.033
0.73953 0.28106 0.35752 1.4289
0.94982 1.1507 0.75015 1.6687
0.019577 0.35252 0.75517 1.2349
0.9118 0.94974 0.34775 0.38624
0.071285 0.76934 0.85509 0.97249
0.094353 1.4539 0.54957 1.7041
0.91553 1.6136 0.52201 1.5794
0.051965 0.71949 0.44091 0.84175
0.69119 0.77729 0.26138 0.95426
0.89591 1.0749 0.45971 0.32742
0.23202 1.2351 0.19594 0.75135
0.84969 1.0888 0.74161 1.0275
0.66222 1.7332 0.10709 0.98517
0.83617 0.48936 0.45492 0.51542
0.65063 0.82989 0.90442 1.1153
0.11071 1.0669 0.60383 1.0291
0.016382 1.3459 0.09121 0.44948
0.90567 1.2751 0.54762 0.9665
0.64421 1.8115 0.23588 0.94288
0.62057 1.0821 0.078982 0.72986
0.64575 1.4945 0.1763 0.43767
0.61892 1.5629 0.97032 1.0706
0.66919 0.81052 0.33181 1.1211
0.45789 1.1441 0.024949 0.88609
0.5231 1.1357 0.98919 0.91088
0.72336 0.96137 0.39694 1.0934
0.59073 0.74503 0.57318 1.0298
0.50767 1.1176 0.14555 0.88852
0.29095 1.343 0.50114 0.76508
0.14187 1.2251 0.40638 1.2314
0.5931 0.55971 0.80938 0.20031
0.4706 1.1251 0.67412 1.0435
0.75718 1.5751 0.1821 0.94137
0.61964 0.62459 0.76993 1.079
0.42109 0.54978 0.43899 1.59
0.48878 0.43457 0.21683 1.3109
0.83291 0.05948 0.50154 0.6381
0.10273 1.0009 0.36436 1.3568
0.8208 1.411 0.12284 1.2089
0.64936 0.74473 0.73662 0.89052
0.71066 0.90105 0.10533 1.8333
0.9586 1.5513 0.42369 1.2375
0.56011 0.70303 0.098783 0.090487
0.48312 1.0922 0.15362 0.61064
0.30847 0.40023 0.13092 1.8403
0.34352 0.31338 0.66306 1.5083
0.5162 0.93586 0.79667 0.83642
0.5766 0.70949 0.066874 0.8385
0.24848 1.1929 0.90868 0.78892
0.88951 1.0769 0.98981 1.042
0.32366 0.40353 0.98742 0.82424
0.61386 1.8532 0.65208 1.7238
0.60135 1.5834 0.79779 0.9016
0.61045 1.5666 0.37724 1.0584
0.17465 1.0635 0.059914 1.3545
0.15235 1.0198 0.38342 1.2062
0.013084 0.83989 0.96537 1.3257
0.31819 1.1431 0.9556 1.254
0.02896 1.414 0.39718 1.0978
0.27781 1.9431 0.36185 0.72398
0.78045 1.8253 0.44566 0.80349
0.057312 0.94889 0.047994 0.97918
0.53081 1.0249 0.76677 0.44816
0.61463 1.1038 0.93243 0.50268
0.78158 1.144 0.7549 0.92322
0.32622 1.5976 0.52198 0.45004
0.64558 0.77639 0.51124 0.43484
0.6621 1.0814 0.23131 0.78492
0.98257 1.6039 0.085919 0.75473
0.41268 0.82211 0.98528 0.74486
0.48526 0.54367 0.61187 0.89473
0.01122 1.7457 0.76855 0.74676
0.74156 1.4319 0.21735 1.0836
0.39732 1.0058 0.26256 0.7981
0.078639 1.4635 0.22012 0.26655
0.48499 0.60581 0.5153 1.4101
0.83901 0.48323 0.41315 1.3629
0.40218 1.8089 0.95269 0.77584
0.3351 1.4219 0.13375 1.5919
0.69544 1.4121 0.92277 1.6078
0.48752 1.1674 0.50569 0.36455
0.0046258 1.1689 0.18847 1.3665
0.77964 1.1744 0.61083 1.3938
0.79246 0.090046 0.8379 0.84739
0.68736 0.78549 0.081434 0.40632
0.80614 0.83224 0.13478 0.36832
0.56991 1.6452 0.57469 0.96479
0.016103 0.82322 0.93483 1.1131
0.61478 0.80663 0.66857 1.5919
0.42177 1.976 0.70277 0.66157
0.4707 1.0871 0.40889 0.59671
0.98864 0.81058 0.48525 1.2393
0.11726 1.2833 0.85809 0.78554
0.34198 1.5168 0.31638 0.88201
0.37753 0.84183 0.86988 1.4732
0.53143 0.57492 0.025156 0.87104
0.24836 1.0029 0.72368 0.76726
0.43238 0.93433 0.26145 1.3383
0.18941 1.344 0.21448 0.96805
0.49489 1.6469 0.033001 1.0105
0.37262 0.74337 0.35668 1.1734
0.27471 1.6978 0.2644 0.74393
0.74452 0.16398 0.13168 1.4131
0.80308 0.79707 0.3044 0.54658
0.34285 0.14112 0.65934 1.7942
0.038964 0.61927 0.77214 1.1302
0.69008 0.81652 0.92725 0.23733
0.062019 0.87404 0.68747 0.69853
0.72569 0.82931 0.84653 1.1047
0.5538 0.58665 0.8424 1.4953
0.048919 0.70465 0.7588 0.84112
0.676 0.74302 0.87443 1.1042
0.33094 0.84624 0.5185 0.99441
0.45395 1.1514 0.1795 1.1457
0.8474 0.72703 0.046426 0.44991
0.5236 1.0735 0.2327 0.90347
0.90327 0.91585 0.54126 1.4829
0.098685 0.49794 0.85708 1.1251
0.042738 1.7943 0.14204 1.0602
0.2175 0.69071 0.77746 0.53595
0.35761 0.51963 0.025324 1.0792
0.83378 1.2904 0.3632 1.2246
0.78856 0.92954 0.87966 1.1422
0.67651 0.66957 0.54524 0.30932
0.89889 0.94119 0.099493 0.90199
0.090939 1.8132 0.034239 1.3719
0.32417 1.9785 0.16607 0.58051
0.99808 0.96534 0.41549 0.20163
0.75433 0.76372 0.69331 1.5469
0.77064 0.96828 0.91226 0.75437
0.31068 0.65652 0.20472 1.1205
0.072879 0.62792 0.5872 0.37717
0.54249 0.17537 0.64409 1.039
0.59801 0.81423 0.45002 1.2271
0.16255 0.51149 0.76492 1.758
0.9833 0.78052 0.14315 0.63022
0.8277 0.23164 0.88113 0.80258
0.07045 1.642 0.47787 1.3394
0.73875 1.5051 0.73374 1.3191
0.81625 1.8955 0.53348 0.9866
0.56083 0.41642 0.34653 0.0817
0.55076 0.78046 0.021103 1.1555
0.73677 0.86809 0.83397 1.787
0.83632 0.46882 0.03312 1.2546
0.91217 0.85184 0.094925 0.98805
0.85091 1.1782 0.5222 1.3481
0.016366 0.89562 0.12918 0.7676
0.59317 1.3761 0.72179 1.6606
0.037025 1.7517 0.17617 1.2535
0.23244 1.657 0.71501 1.8514
0.77059 0.70463 0.58938 0.81674
0.87294 0.90006 0.45399 1.3705
0.98393 1.2347 0.25996 0.94343
0.69067 1.3012 0.59674 0.99849
0.27933 0.347 0.27921 1.6325
0.68377 1.192 0.81128 1.0208
0.076241 1.0069 0.36937 0.86561
0.80624 1.0146 0.95833 0.70262
0.99373 1.0769 0.42557 1.296
